Level: 3
GridDimension: 10
NumColors: 8
Moves: 4
MaxMoves: 37
ElapsedTime: 3.57739
InitialGrid:
211 84 0 26 188 156 52 152 219 241 196 15 46 204 113 231 76 60 26 188 156 46 204 113 46 204 113 211 84 0 
26 188 156 46 204 113 211 84 0 211 84 0 26 188 156 241 196 15 26 188 156 155 89 182 155 89 182 211 84 0 
211 84 0 26 188 156 155 89 182 155 89 182 211 84 0 230 126 34 52 152 219 26 188 156 26 188 156 26 188 156 
211 84 0 230 126 34 26 188 156 46 204 113 230 126 34 26 188 156 231 76 60 231 76 60 211 84 0 155 89 182 
211 84 0 46 204 113 241 196 15 230 126 34 26 188 156 46 204 113 46 204 113 231 76 60 26 188 156 46 204 113 
46 204 113 52 152 219 26 188 156 211 84 0 211 84 0 230 126 34 46 204 113 155 89 182 46 204 113 231 76 60 
241 196 15 211 84 0 155 89 182 230 126 34 46 204 113 231 76 60 26 188 156 52 152 219 211 84 0 211 84 0 
155 89 182 230 126 34 211 84 0 230 126 34 26 188 156 231 76 60 230 126 34 155 89 182 52 152 219 230 126 34 
46 204 113 155 89 182 241 196 15 241 196 15 211 84 0 26 188 156 231 76 60 241 196 15 46 204 113 241 196 15 
231 76 60 241 196 15 211 84 0 230 126 34 241 196 15 155 89 182 26 188 156 46 204 113 26 188 156 52 152 219 
CurrentGrid:
52 152 219 52 152 219 52 152 219 241 196 15 46 204 113 231 76 60 26 188 156 46 204 113 46 204 113 211 84 0 
52 152 219 52 152 219 52 152 219 52 152 219 26 188 156 241 196 15 26 188 156 155 89 182 155 89 182 211 84 0 
52 152 219 26 188 156 155 89 182 155 89 182 211 84 0 230 126 34 52 152 219 26 188 156 26 188 156 26 188 156 
52 152 219 230 126 34 26 188 156 46 204 113 230 126 34 26 188 156 231 76 60 231 76 60 211 84 0 155 89 182 
52 152 219 46 204 113 241 196 15 230 126 34 26 188 156 46 204 113 46 204 113 231 76 60 26 188 156 46 204 113 
46 204 113 52 152 219 26 188 156 211 84 0 211 84 0 230 126 34 46 204 113 155 89 182 46 204 113 231 76 60 
241 196 15 211 84 0 155 89 182 230 126 34 46 204 113 231 76 60 26 188 156 52 152 219 211 84 0 211 84 0 
155 89 182 230 126 34 211 84 0 230 126 34 26 188 156 231 76 60 230 126 34 155 89 182 52 152 219 230 126 34 
46 204 113 155 89 182 241 196 15 241 196 15 211 84 0 26 188 156 231 76 60 241 196 15 46 204 113 241 196 15 
231 76 60 241 196 15 211 84 0 230 126 34 241 196 15 155 89 182 26 188 156 46 204 113 26 188 156 52 152 219 
